0.000
0.938
1.250
2.500
2.969
3.438
3.750
5.000
5.938
6.250
7.500
7.969
8.438
8.750
10.000
10.938
11.250
12.500
12.969
13.438
13.750
15.000
15.938
16.250
17.500
17.969
18.438
18.750
20.000
20.938
21.250
22.500
22.969
23.438
23.750
25.000
25.938
26.250
27.500
27.969
28.438
28.750
30.000
30.938
31.250
32.500
32.969
33.438
33.750
35.000
35.938
36.250
37.500
37.969
38.438
38.750
40.000
40.938
41.250
42.500
42.969
43.438
43.750
45.000
45.938
46.250
47.500
47.969
48.438
48.750
50.000
51.250
52.500
53.750
55.000
56.250
57.500
58.750
60.000
61.250
62.500
63.750
65.000
66.250
67.500
68.750
70.000
70.938
71.250
72.500
72.969
73.438
73.750
75.000
75.938
76.250
77.500
77.969
78.438
78.750
80.000
80.938
81.250
82.500
82.969
83.438
83.750
85.000
85.938
86.250
87.500
87.969
88.438
88.750
90.000
90.938
91.250
92.500
92.969
93.438
93.750
95.000
95.938
96.250
97.500
97.969
98.438
98.750
100.000
101.250
102.500
103.750
105.000
106.250
107.500
108.750
110.000
111.250
112.500
113.750
115.000
116.250
117.500
118.750
120.000
120.938
121.250
122.500
122.969
123.438
123.750
125.000
125.938
126.250
127.500
127.969
128.438
128.750
130.000
130.938
131.250
132.500
132.969
133.438
133.750
