0.625
1.875
3.125
4.375
5.625
6.875
8.125
9.375
10.625
11.875
13.125
14.375
15.625
16.875
18.125
19.375
20.625
21.875
23.125
24.375
25.625
26.875
28.125
29.375
30.625
31.875
33.125
34.375
35.625
36.875
38.125
39.375
40.625
41.875
43.125
44.375
45.625
46.875
48.125
49.375
50.625
51.562
52.031
53.125
54.062
54.531
55.625
56.562
57.031
58.125
59.062
59.531
60.625
61.562
62.031
63.125
64.062
64.531
65.625
66.562
67.031
68.125
69.062
69.219
69.375
69.531
69.688
69.844
70.625
71.875
73.125
74.375
75.625
76.875
78.125
79.375
80.625
81.875
83.125
84.375
85.625
86.875
88.125
89.375
90.625
91.875
93.125
94.375
95.625
96.875
98.125
99.062
99.219
99.375
99.531
99.688
99.844
100.625
101.562
102.031
103.125
104.062
104.531
105.625
106.562
107.031
108.125
109.062
109.531
110.625
111.562
112.031
113.125
114.062
114.531
115.625
116.562
117.031
118.125
119.062
119.531
120.625
121.875
123.125
124.375
125.625
126.875
128.125
129.375
130.625
131.875
133.125
134.375
